Ra = 8.3;
La = 1.5e-3;
K = 0.0879;
J = 80.7e-6;
B = 14.41e-6;